200 57
72
29
11
8
45
74
63
38
60
16
3
7
88
92
67
59
44
15
83
1
5
9
12
15
18
21
25
30
35
40
45
50
55
60
65
70
75
80
85
1
43
17
29
2
11
7
64
31
52
37
20
5
73
89
16
62
41
23
13
97
26
47
19
81
57
32
67
14
3
29
7
18
51
87
39
12
61
84
23
47
66
24
17
98
15
37
29
71
83
45
2
12
94
18
56
63
47
34
21
8
5
33
48
16
22
11
87
64
39
73
59
18
45
27
92
38
67
24
85
13
47
18
29
11
72
6
83
42
31
15
97
63
21
55
34
89
24
71
12
59
24
34
40
52
67
81
92
105
113
124
142
157
162
178
190
205
216
230
244
251
85
12
36
91
24
75
63
14
27
10
23
8
19
34
50
64
73
89
100
120
5
30
40
60
75
90
100
120
140
160
180
200
225
250
275
300
325
350
375
400